datum;szuletesszam;halalozasi szam;lakossag szama;paratlan
2001-01-01;63;82;2981;1
2001-02-01;61;22;3020;0
2001-03-01;1;48;2973;1
2001-04-01;77;82;2968;0
2001-05-01;27;57;2938;0
2001-06-01;82;22;2998;0
2001-07-01;98;26;3070;0
2001-08-01;39;19;3090;0
2001-09-01;40;45;3085;1
2001-10-01;48;34;3099;1
2001-11-01;65;28;3136;0
2001-12-01;58;48;3146;0
2002-01-01;36;72;3110;0
2002-02-01;94;14;3190;0
2002-03-01;50;90;3150;0
2002-04-01;62;65;3147;1
2002-05-01;49;29;3167;1
2002-06-01;17;25;3159;1
2002-07-01;2;68;3093;1
2002-08-01;4;38;3059;1
2002-09-01;77;91;3045;1
2002-10-01;7;81;2971;1
2002-11-01;12;72;2911;1
2002-12-01;9;79;2841;1
2003-01-01;89;71;2859;1
2003-02-01;27;19;2867;1
2003-03-01;41;99;2809;1
2003-04-01;16;45;2780;0
2003-05-01;7;12;2775;1
2003-06-01;20;95;2700;0
2003-07-01;17;16;2701;1
2003-08-01;13;21;2693;1
2003-09-01;25;65;2653;1
2003-10-01;44;94;2603;1
2003-11-01;97;7;2693;1
2003-12-01;5;12;2686;0
2004-01-01;1;38;2649;1
2004-02-01;37;79;2607;1
2004-03-01;87;53;2641;1
2004-04-01;68;96;2613;1
2004-05-01;1;83;2531;1
2004-06-01;60;8;2583;1
2004-07-01;85;87;2581;1
2004-08-01;93;50;2624;0
2004-09-01;46;98;2572;0
2004-10-01;93;82;2583;1
2004-11-01;97;57;2623;1
2004-12-01;5;2;2626;0
2005-01-01;47;27;2646;0
2005-02-01;53;100;2599;1
2005-03-01;68;98;2569;1
2005-04-01;71;74;2566;0
2005-05-01;65;81;2550;0
2005-06-01;96;35;2611;1
2005-07-01;55;53;2613;1
2005-08-01;46;36;2623;1
2005-09-01;84;1;2706;0
2005-10-01;94;16;2784;0
2005-11-01;96;85;2795;1
2005-12-01;46;12;2829;1
2006-01-01;36;40;2825;1
2006-02-01;69;4;2890;0
2006-03-01;12;4;2898;0
2006-04-01;45;81;2862;0
2006-05-01;96;54;2904;0
2006-06-01;54;34;2924;0
2006-07-01;15;22;2917;1
2006-08-01;22;30;2909;1
2006-09-01;4;53;2860;0
2006-10-01;29;57;2832;0
2006-11-01;53;100;2785;1
2006-12-01;29;88;2726;0
2007-01-01;41;32;2735;1
2007-02-01;98;85;2748;0
2007-03-01;75;98;2725;1
2007-04-01;18;89;2654;0
2007-05-01;95;15;2734;0
2007-06-01;1;31;2704;0
2007-07-01;1;42;2663;1
2007-08-01;57;52;2668;0
2007-09-01;8;70;2606;0
2007-10-01;11;8;2609;1
2007-11-01;60;50;2619;1
2007-12-01;100;24;2695;1
2008-01-01;28;60;2663;1
2008-02-01;47;95;2615;1
2008-03-01;55;19;2651;1
2008-04-01;77;1;2727;1
2008-05-01;46;21;2752;0
2008-06-01;100;61;2791;1
2008-07-01;73;70;2794;0
2008-08-01;49;11;2832;0
2008-09-01;2;38;2796;0
2008-10-01;5;13;2788;0
2008-11-01;32;27;2793;1
2008-12-01;73;49;2817;1
2009-01-01;27;1;2843;1
2009-02-01;8;8;2843;1
2009-03-01;78;15;2906;0
2009-04-01;39;55;2890;0
2009-05-01;66;87;2869;1
2009-06-01;47;27;2889;1
2009-07-01;88;14;2963;1
2009-08-01;88;55;2996;0
2009-09-01;27;29;2994;0
2009-10-01;24;65;2953;1
2009-11-01;14;28;2939;1
2009-12-01;100;17;3022;0
2010-01-01;52;95;2979;1
2010-02-01;93;77;2995;1
2010-03-01;51;82;2964;0
2010-04-01;36;45;2955;1
2010-05-01;41;79;2917;1
2010-06-01;41;56;2902;0
2010-07-01;52;54;2900;0
2010-08-01;91;28;2963;1
2010-09-01;58;22;2999;1
2010-10-01;10;75;2934;0
2010-11-01;67;62;2939;1
2010-12-01;100;45;2994;0
2011-01-01;85;88;2991;1
2011-02-01;36;51;2976;0
2011-03-01;21;66;2931;1
2011-04-01;66;71;2926;0
2011-05-01;99;40;2985;1
2011-06-01;38;70;2953;1
2011-07-01;72;28;2997;1
2011-08-01;72;53;3016;0
2011-09-01;67;64;3019;1
2011-10-01;25;79;2965;1
2011-11-01;65;93;2937;1
2011-12-01;3;11;2929;1
2012-01-01;38;60;2907;1
2012-02-01;16;28;2895;1
2012-03-01;100;46;2949;1
2012-04-01;52;36;2965;1
2012-05-01;54;52;2967;1
2012-06-01;55;76;2946;0
2012-07-01;19;35;2930;0
2012-08-01;93;29;2994;0
2012-09-01;66;76;2984;0
2012-10-01;18;82;2920;0
2012-11-01;39;34;2925;1
2012-12-01;95;57;2963;1
2013-01-01;38;47;2954;0
2013-02-01;46;18;2982;0
2013-03-01;94;69;3007;1
2013-04-01;18;74;2951;1
2013-05-01;58;21;2988;0
2013-06-01;58;44;3002;0
2013-07-01;50;73;2979;1
2013-08-01;8;2;2985;1
2013-09-01;20;92;2913;1
2013-10-01;34;66;2881;1
2013-11-01;42;85;2838;0
2013-12-01;39;56;2821;1
2014-01-01;99;8;2912;0
2014-02-01;12;58;2866;0
2014-03-01;35;61;2840;0
2014-04-01;50;100;2790;0
2014-05-01;22;10;2802;0
2014-06-01;8;30;2780;0
2014-07-01;45;75;2750;0
2014-08-01;22;70;2702;0
2014-09-01;53;67;2688;0
2014-10-01;89;93;2684;0
2014-11-01;25;21;2688;0
2014-12-01;71;86;2673;1
2015-01-01;92;96;2669;1
2015-02-01;60;32;2697;1
2015-03-01;29;50;2676;0
2015-04-01;84;55;2705;1
2015-05-01;50;68;2687;1
2015-06-01;40;99;2628;0
2015-07-01;45;32;2641;1
2015-08-01;84;32;2693;1
2015-09-01;30;86;2637;1
2015-10-01;7;30;2614;0
2015-11-01;69;45;2638;0
2015-12-01;88;55;2671;1
2016-01-01;53;68;2656;0
2016-02-01;10;100;2566;0
2016-03-01;64;50;2580;0
2016-04-01;2;32;2550;0
2016-05-01;2;38;2514;0
2016-06-01;40;27;2527;1
2016-07-01;6;30;2503;1
2016-08-01;100;33;2570;0
2016-09-01;3;26;2547;1
2016-10-01;82;71;2558;0
2016-11-01;66;57;2567;1
2016-12-01;12;35;2544;0
2017-01-01;21;94;2471;1
2017-02-01;78;100;2449;1
2017-03-01;92;2;2539;1
2017-04-01;12;5;2546;0
2017-05-01;13;66;2493;1
2017-06-01;68;79;2482;0
2017-07-01;6;92;2396;0
2017-08-01;83;52;2427;1
